45 
35 2018-03-27 14:27:25 56,9 1, 7, 13, 13, 24
36 2018-03-27 14:27:25 56,9 1, 7, 13, 13, 24
37 2018-03-27 14:39:55 36 8, 8, 8, 8, 8, 8
38 2018-03-27 14:45:53 11 4, 4, 4, 4, 4, 4, 4, 4, 4, 4, 4
39 2018-03-27 17:37:36 35,8 65, 15, 39, 37
40 2018-03-27 17:43:09 26,9 6, 24
41 2018-03-27 17:44:08 26,9 58, 24
42 2018-03-31 17:34:13 38,9 58, 58, 58, 24
43 2018-03-31 17:34:38 41,8 24, 24
44 2018-04-09 11:38:17 104,5 24, 24
45 2018-04-09 11:40:47 5 3, 4
46 2018-03-27 14:19:42 48 1, 1, 1, 1
47 2018-03-27 14:27:25 56,9 1, 7, 13, 13, 24
48 2018-03-27 14:27:25 56,9 1, 7, 13, 13, 24
49 2018-03-27 14:39:55 36 8, 8, 8, 8, 8, 8
50 2018-03-27 14:45:53 11 4, 4, 4, 4, 4, 4, 4, 4, 4, 4, 4
51 2018-03-27 17:37:36 35,8 65, 15, 39, 37
52 2018-03-27 17:43:09 26,9 6, 24
53 2018-03-27 17:44:08 26,9 58, 24
54 2018-03-31 17:34:13 38,9 58, 58, 58, 24
55 2018-03-31 17:34:38 41,8 24, 24
56 2018-04-09 11:38:17 104,5 24, 24
57 2018-04-09 11:40:47 5 3, 4
58 2018-03-27 14:19:42 48 1, 1, 1, 1
59 2018-03-27 14:27:25 56,9 1, 7, 13, 13, 24
60 2018-03-27 14:27:25 56,9 1, 7, 13, 13, 24
61 2018-04-16 21:47:49 372 7, 7, 7, 7, 7, 7, 7, 7, 7, 7, 7, 7, 7, 7, 7, 7, 7, 7, 7, 7, 7, 7, 7, 7, 7, 7, 7, 7, 7, 7, 7
62 2018-04-16 21:50:53 528 7, 7, 7, 7, 7, 7, 7, 7, 7, 7, 7, 7, 7, 7, 7, 7, 7, 7, 7, 7, 7, 7, 7, 7, 7, 7, 7, 7, 7, 7, 7, 7, 7, 7, 7, 7, 7, 7, 7, 7, 7, 7, 7, 7
63 2018-04-21 10:51:19 36 1, 1, 1
64 2018-04-22 10:20:18 36 Teryaki , Teryaki , Teryaki , , 
1 2017-04-17 00:00:00 15 1,2,5
2 2017-04-16 00:00:00 42 3,2,1
21 2018-03-27 14:19:42 48 1, 1, 1, 1
22 2018-03-27 14:27:25 56,9 1, 7, 13, 13, 24
23 2018-03-27 14:37:10 48 1, 1, 1, 1
24 2018-03-27 14:39:55 36 8, 8, 8, 8, 8, 8
25 2018-03-27 14:45:53 11 4, 4, 4, 4, 4, 4, 4, 4, 4, 4, 4
26 2018-03-27 17:37:36 35,8 65, 15, 39, 37
27 2018-03-27 17:43:09 26,9 6, 24
28 2018-03-27 17:44:08 26,9 58, 24
29 2018-03-31 17:34:13 38,9 58, 58, 58, 24
30 2018-03-31 17:34:38 41,8 24, 24
31 2018-04-09 11:38:17 104,5 24, 24
32 2018-04-09 11:40:47 5 3, 4
33 2018-03-27 14:19:42 48 1, 1, 1, 1
